# unix_time, cycles_done, cur_path, paths_total, pending_total, pending_favs, map_size, unique_crashes, unique_hangs, max_depth, execs_per_sec
1613575647, 0, 0, 1, 1, 1, 0.00%, 0, 0, 1, 153.85
1613575652, 0, 0, 3, 3, 1, 0.01%, 3, 0, 2, 219.49
1613575657, 0, 0, 4, 4, 1, 0.01%, 4, 0, 2, 243.72
1613575668, 0, 0, 5, 5, 1, 0.01%, 4, 0, 2, 231.31
1613575724, 0, 2, 5, 4, 2, 0.01%, 4, 0, 2, 240.96
1613575734, 0, 4, 5, 3, 1, 0.01%, 4, 0, 2, 231.93
1613575745, 1, 1, 5, 2, 0, 0.01%, 4, 0, 2, 239.70
1613575750, 1, 3, 5, 1, 0, 0.01%, 4, 0, 2, 239.57
1613575760, 2, 0, 5, 0, 0, 0.01%, 4, 0, 2, 227.90
1613575765, 2, 2, 5, 0, 0, 0.01%, 4, 0, 2, 206.15
1613575770, 2, 3, 5, 0, 0, 0.01%, 4, 0, 2, 203.73
1613575775, 3, 0, 5, 0, 0, 0.01%, 4, 0, 2, 210.71
1613575780, 3, 2, 5, 0, 0, 0.01%, 4, 0, 2, 218.07
1613575785, 3, 3, 5, 0, 0, 0.01%, 4, 0, 2, 200.08
1613575790, 3, 4, 5, 0, 0, 0.01%, 4, 0, 2, 202.51
1613575795, 4, 1, 5, 0, 0, 0.01%, 4, 0, 2, 204.49
1613575800, 4, 3, 5, 0, 0, 0.01%, 4, 0, 2, 227.92
1613575806, 4, 4, 5, 0, 0, 0.01%, 4, 0, 2, 235.49
1613575811, 5, 1, 5, 0, 0, 0.01%, 4, 0, 2, 228.79
1613575816, 5, 3, 5, 0, 0, 0.01%, 4, 0, 2, 234.93
1613575821, 5, 4, 5, 0, 0, 0.01%, 4, 0, 2, 228.61
