# unix_time, cycles_done, cur_path, paths_total, pending_total, pending_favs, map_size, unique_crashes, unique_hangs, max_depth, execs_per_sec
1613557941, 0, 0, 6, 6, 6, 0.03%, 0, 0, 1, 171.43
1613557952, 0, 1, 13, 12, 5, 0.06%, 1, 0, 2, 221.06
1613557957, 0, 1, 16, 15, 5, 0.07%, 1, 0, 2, 192.44
1613557972, 0, 2, 16, 14, 14, 0.07%, 1, 0, 2, 233.94
1613557977, 0, 3, 17, 14, 13, 0.07%, 1, 0, 2, 267.22
1613557982, 0, 4, 17, 13, 13, 0.07%, 2, 0, 2, 258.02
1613557987, 0, 5, 17, 12, 12, 0.07%, 2, 0, 2, 237.27
1613557997, 0, 6, 17, 11, 11, 0.07%, 2, 0, 2, 193.38
1613558003, 0, 7, 18, 11, 10, 0.08%, 2, 0, 3, 210.64
1613558013, 0, 8, 18, 10, 10, 0.08%, 3, 0, 3, 214.01
1613558023, 0, 9, 18, 9, 9, 0.08%, 4, 0, 3, 231.25
1613558033, 0, 10, 18, 8, 8, 0.08%, 5, 0, 3, 236.28
1613558044, 0, 11, 18, 7, 7, 0.08%, 6, 0, 3, 243.31
1613558054, 0, 12, 18, 6, 6, 0.08%, 7, 0, 3, 242.69
1613558064, 0, 13, 18, 5, 5, 0.08%, 8, 0, 3, 249.63
1613558074, 0, 14, 18, 4, 4, 0.08%, 9, 0, 3, 255.63
1613558084, 0, 15, 18, 3, 3, 0.08%, 9, 0, 3, 210.70
1613558094, 0, 16, 18, 2, 2, 0.08%, 9, 0, 3, 206.71
1613558104, 0, 17, 18, 1, 1, 0.08%, 9, 0, 3, 222.06
1613558110, 1, 0, 18, 0, 0, 0.08%, 9, 0, 3, 210.10
1613558115, 1, 7, 18, 0, 0, 0.08%, 9, 0, 3, 213.46
1613558120, 1, 10, 18, 0, 0, 0.08%, 9, 0, 3, 200.52
1613558125, 1, 13, 18, 0, 0, 0.08%, 9, 0, 3, 186.27
1613558130, 1, 17, 18, 0, 0, 0.08%, 9, 0, 3, 196.06
1613558135, 2, 2, 18, 0, 0, 0.08%, 9, 0, 3, 198.40
1613558140, 2, 4, 18, 0, 0, 0.08%, 9, 0, 3, 208.26
1613558145, 2, 6, 18, 0, 0, 0.08%, 9, 0, 3, 222.36
1613558151, 2, 8, 18, 0, 0, 0.08%, 9, 0, 3, 199.44
1613558156, 2, 10, 18, 0, 0, 0.08%, 9, 0, 3, 221.38
1613558161, 2, 12, 18, 0, 0, 0.08%, 9, 0, 3, 225.83
1613558166, 2, 13, 18, 0, 0, 0.08%, 9, 0, 3, 223.43
1613558171, 2, 15, 18, 0, 0, 0.08%, 9, 0, 3, 218.93
1613558176, 2, 17, 18, 0, 0, 0.08%, 9, 0, 3, 217.99
1613558181, 3, 2, 18, 0, 0, 0.08%, 9, 0, 3, 225.05
1613558187, 3, 4, 18, 0, 0, 0.08%, 9, 0, 3, 228.34
1613558192, 3, 7, 18, 0, 0, 0.08%, 9, 0, 3, 230.79
1613558197, 3, 9, 18, 0, 0, 0.08%, 9, 0, 3, 236.27
1613558202, 3, 10, 19, 1, 0, 0.09%, 9, 0, 3, 218.17
1613558207, 3, 18, 22, 4, 1, 0.10%, 10, 0, 4, 233.35
1613558233, 3, 19, 22, 3, 3, 0.10%, 10, 0, 4, 233.17
1613558263, 3, 20, 22, 2, 2, 0.10%, 10, 0, 4, 225.52
1613558304, 3, 21, 22, 1, 1, 0.10%, 10, 0, 4, 281.82
1613558356, 4, 1, 22, 0, 0, 0.10%, 10, 0, 4, 232.16
1613558361, 4, 4, 22, 0, 0, 0.10%, 10, 0, 4, 222.23
1613558366, 4, 5, 22, 0, 0, 0.10%, 10, 0, 4, 211.37
1613558371, 4, 8, 22, 0, 0, 0.10%, 10, 0, 4, 198.84
1613558376, 4, 10, 22, 0, 0, 0.10%, 10, 0, 4, 230.76
1613558381, 4, 11, 22, 0, 0, 0.10%, 10, 0, 4, 228.30
1613558386, 4, 13, 22, 0, 0, 0.10%, 10, 0, 4, 236.10
1613558391, 4, 15, 22, 0, 0, 0.10%, 10, 0, 4, 231.62
1613558396, 4, 17, 22, 0, 0, 0.10%, 10, 0, 4, 225.33
1613558402, 4, 18, 22, 0, 0, 0.10%, 10, 0, 4, 223.88
1613558412, 4, 19, 22, 0, 0, 0.10%, 10, 0, 4, 227.21
1613558422, 4, 20, 22, 0, 0, 0.10%, 10, 0, 4, 225.06
1613558437, 4, 21, 22, 0, 0, 0.10%, 10, 0, 4, 224.94
1613558458, 5, 2, 22, 0, 0, 0.10%, 10, 0, 4, 231.01
1613558463, 5, 4, 22, 0, 0, 0.10%, 10, 0, 4, 213.18
1613558468, 5, 6, 22, 0, 0, 0.10%, 10, 0, 4, 229.80
1613558473, 5, 8, 22, 0, 0, 0.10%, 10, 0, 4, 228.35
1613558478, 5, 10, 22, 0, 0, 0.10%, 10, 0, 4, 228.45
1613558483, 5, 12, 22, 0, 0, 0.10%, 10, 0, 4, 205.21
1613558488, 5, 13, 23, 1, 0, 0.10%, 10, 0, 4, 217.93
1613558493, 5, 22, 24, 2, 1, 0.10%, 10, 0, 4, 235.68
1613558504, 5, 22, 24, 2, 1, 0.10%, 11, 0, 4, 256.95
